velH=[0,0,0,x(8);0,0,0,x(9);0,0,0,0;0,0,0,0];
