js2dot=[0,0,0,0,0,0,0;0,0,0,0,0,0,0];
